# This file may be used to create an environment using:
# $ conda create --name <env> --file <this file>
# platform: win-64
aiohttp=3.9.5=pypi_0
aiosignal=1.3.1=pypi_0
attrs=23.2.0=pypi_0
bzip2=1.0.8=hcfcfb64_5
ca-certificates=2024.2.2=h56e8100_0
certifi=2024.2.2=pypi_0
charset-normalizer=3.3.2=pypi_0
colorama=0.4.6=pypi_0
contourpy=1.2.1=pypi_0
cycler=0.12.1=pypi_0
fonttools=4.51.0=pypi_0
frozenlist=1.4.1=pypi_0
fsspec=2024.3.1=pypi_0
idna=3.7=pypi_0
jinja2=3.1.4=pypi_0
joblib=1.4.2=pypi_0
kiwisolver=1.4.5=pypi_0
libexpat=2.6.2=h63175ca_0
libffi=3.4.2=h8ffe710_5
libsqlite=3.45.3=hcfcfb64_0
libzlib=1.2.13=hcfcfb64_5
lightgbm=4.3.0=pypi_0
markupsafe=2.1.5=pypi_0
matplotlib=3.8.4=pypi_0
multidict=6.0.5=pypi_0
numpy=1.26.4=pypi_0
openssl=3.3.0=hcfcfb64_0
packaging=24.0=pypi_0
pandas=2.2.2=pypi_0
pillow=10.3.0=pypi_0
pip=24.0=pyhd8ed1ab_0
psutil=5.9.8=pypi_0
pyparsing=3.1.2=pypi_0
python=3.11.9=h631f459_0_cpython
python-dateutil=2.9.0.post0=pypi_0
pytz=2024.1=pypi_0
requests=2.31.0=pypi_0
scikit-learn=1.4.2=pypi_0
scipy=1.13.0=pypi_0
setuptools=69.5.1=pyhd8ed1ab_0
six=1.16.0=pypi_0
threadpoolctl=3.5.0=pypi_0
tk=8.6.13=h5226925_1
torch-geometric=2.5.3=pypi_0
tqdm=4.66.4=pypi_0
tzdata=2024.1=pypi_0
ucrt=10.0.22621.0=h57928b3_0
urllib3=2.2.1=pypi_0
vc=14.3=hcf57466_18
vc14_runtime=14.38.33130=h82b7239_18
vs2015_runtime=14.38.33130=hcb4865c_18
wheel=0.43.0=pyhd8ed1ab_1
wordcloud=1.9.3=pypi_0
xz=5.2.6=h8d14728_0
yarl=1.9.4=pypi_0
